function data()
return {
	times = { 0, 41.667, 83.333, 125, 166.667, 208.333, 250, 291.667, 333.333, 375, 416.667, 458.333, 500, 541.667, 583.333, 625, 666.667, 708.333, 750, 791.667, 833.333, 875, 916.667, 958.333, 1000, 1041.667, 1083.333, 1125, 1166.667, 1208.333, 1250, 1291.667, 1333.333, 1375, 1416.667, 1458.333, 1500, 1541.667, 1583.333, 1625, 1666.667, 1708.333, 1750, 1791.667, 1833.333, 1875, 1916.667, 1958.333, 2000, 2041.667, 2083.333, },
	transfs = {
		{ 1, 0, 0, 0, 0, 1, 0, 0, 0, 0, 1, 0, 0, 0, 0, 1, },
		{ 1, 0, 0, 0, 0, 0.99999821186066, 0.0018598217284307, 0, 0, -0.0018598217284307, 0.99999821186066, 0, 0, 0, 0, 1, },
		{ 1, 0, 0, 0, 0, 0.99997305870056, 0.0073386947624385, 0, 0, -0.0073386947624385, 0.99997305870056, 0, 0, 0, 0, 1, },
		{ 1, 0, 0, 0, 0, 0.99986737966537, 0.016285292804241, 0, 0, -0.016285292804241, 0.99986737966537, 0, 0, 0, 0, 1, },
		{ 1, 0, 0, 0, 0, 0.99959242343903, 0.028546921908855, 0, 0, -0.028546921908855, 0.99959242343903, 0, 0, 0, -9.5367429508997e-09, 1, },
		{ 1, 0, 0, 0, 0, 0.99903291463852, 0.043968122452497, 0, 0, -0.043968122452497, 0.99903291463852, 0, 0, 0, -9.5367429508997e-09, 1, },
		{ 1, 0, 0, 0, 0, 0.99805182218552, 0.062389176338911, 0, 0, -0.062389176338911, 0.99805182218552, 0, 0, 0, -9.5367429508997e-09, 1, },
		{ 1, 0, 0, 0, 0, 0.99649560451508, 0.083644457161427, 0, 0, -0.083644457161427, 0.99649560451508, 0, 3.8146971803599e-08, 0, -9.5367429508997e-09, 1, },
		{ 1, 0, 0, 0, 0, 0.99419850111008, 0.10756069421768, 0, 0, -0.10756069421768, 0.99419850111008, 0, 3.8146971803599e-08, 0, -9.5367429508997e-09, 1, },
		{ 1, 0, 0, 0, 0, 0.9909873008728, 0.13395577669144, 0, 0, -0.13395577669144, 0.9909873008728, 0, 3.8146971803599e-08, 0, -9.5367429508997e-09, 1, },
		{ 1, 0, 0, 0, 0, 0.98668587207794, 0.16263714432716, 0, 0, -0.16263714432716, 0.98668587207794, 0, 3.8146971803599e-08, 0, -1.9073485901799e-08, 1, },
		{ 1, 0, 0, 0, 0, 0.98111963272095, 0.19340148568153, 0, 0, -0.19340148568153, 0.98111963272095, 0, 3.8146971803599e-08, 0, -1.9073485901799e-08, 1, },
		{ 1, 0, 0, 0, 0, 0.9741193652153, 0.22603385150433, 0, 0, -0.22603385150433, 0.9741193652153, 0, 3.8146971803599e-08, 0, -1.9073485901799e-08, 1, },
		{ 0.99999988079071, 0, 0, 0, 0, 0.96552568674088, 0.26030775904655, 0, 0, -0.26030775904655, 0.96552556753159, 0, 3.8146971803599e-08, 4.7683714754498e-09, -1.9073485901799e-08, 1, },
		{ 0.99999988079071, 0, 0, 0, 0, 0.95519244670868, 0.29598543047905, 0, 0, -0.29598543047905, 0.95519238710403, 0, 3.8146971803599e-08, 4.7683714754498e-09, -1.9073485901799e-08, 1, },
		{ 0.99999988079071, 0, 0, 0, 0, 0.94299054145813, 0.33281952142715, 0, 0, -0.33281949162483, 0.94299048185349, 0, 3.8146971803599e-08, 4.7683714754498e-09, -1.9073485901799e-08, 1, },
		{ 0.99999988079071, 0, 0, 0, 0, 0.92881107330322, 0.37055358290672, 0, 0, -0.3705535531044, 0.92881095409393, 0, 3.8146971803599e-08, 4.7683714754498e-09, -2.8610228852699e-08, 1, },
		{ 0.99999988079071, 0, 0, 0, 0, 0.91256833076477, 0.40892428159714, 0, 0, -0.40892422199249, 0.91256827116013, 0, 3.8146971803599e-08, 4.7683714754498e-09, -2.8610228852699e-08, 1, },
		{ 0.99999988079071, 0, 0, 0, 0, 0.89420175552368, 0.44766417145729, 0, 0, -0.44766414165497, 0.89420163631439, 0, 3.8146971803599e-08, 4.7683714754498e-09, -2.8610228852699e-08, 1, },
		{ 0.99999988079071, 0, 0, 0, 0, 0.87367844581604, 0.48650372028351, 0, 0, -0.48650369048119, 0.87367844581604, 0, 7.6293943607197e-08, 4.7683714754498e-09, -2.8610228852699e-08, 1, },
		{ 0.99999988079071, 0, 0, 0, 0, 0.85099440813065, 0.52517467737198, 0, 0, -0.52517461776733, 0.85099440813065, 0, 7.6293943607197e-08, 4.7683714754498e-09, -2.8610228852699e-08, 1, },
		{ 0.99999988079071, 0, 0, 0, 0, 0.82617539167404, 0.56341290473938, 0, 0, -0.56341278553009, 0.82617539167404, 0, 7.6293943607197e-08, 4.7683714754498e-09, -2.8610228852699e-08, 1, },
		{ 0.99999988079071, 0, 0, 0, 0, 0.79927694797516, 0.60096275806427, 0, 0, -0.60096263885498, 0.79927694797516, 0, 7.6293943607197e-08, 4.7683714754498e-09, -3.8146971803599e-08, 1, },
		{ 0.99999988079071, 0, 0, 0, 0, 0.77038502693176, 0.63757884502411, 0, 0, -0.63757884502411, 0.77038496732712, 0, 7.6293943607197e-08, 4.7683714754498e-09, -3.8146971803599e-08, 1, },
		{ 0.99999988079071, 0, 0, 0, 0, 0.73961436748505, 0.67303085327148, 0, 0, -0.67303085327148, 0.7396143078804, 0, 7.6293943607197e-08, 4.7683714754498e-09, -3.8146971803599e-08, 1, },
		{ 0.99999988079071, 0, 0, 0, 0, 0.70710676908493, 0.70710676908493, 0, 0, -0.70710670948029, 0.70710670948029, 0, 7.6293943607197e-08, 4.7683714754498e-09, -3.8146971803599e-08, 1, },
		{ 0.99999988079071, 0, 0, 0, 0, 0.67303121089935, 0.73961406946182, 0, 0, -0.73961400985718, 0.67303115129471, 0, 7.6293943607197e-08, 4.7683714754498e-09, -3.8146971803599e-08, 1, },
		{ 0.99999988079071, 0, 0, 0, 0, 0.63757884502411, 0.77038502693176, 0, 0, -0.77038496732712, 0.63757884502411, 0, 7.6293943607197e-08, 4.7683714754498e-09, -3.8146971803599e-08, 1, },
		{ 0.99999988079071, 0, 0, 0, 0, 0.60096287727356, 0.79927694797516, 0, 0, -0.79927688837051, 0.60096281766891, 0, 7.6293943607197e-08, 4.7683714754498e-09, -3.8146971803599e-08, 1, },
		{ 0.99999988079071, 0, 0, 0, 0, 0.56341308355331, 0.8261753320694, 0, 0, -0.8261753320694, 0.56341302394867, 0, 7.6293943607197e-08, 4.7683714754498e-09, -4.7683712978142e-08, 1, },
		{ 0.99999988079071, 0, 0, 0, 0, 0.52517473697662, 0.85099440813065, 0, 0, -0.850994348526, 0.52517473697662, 0, 7.6293943607197e-08, 4.7683714754498e-09, -4.7683712978142e-08, 1, },
		{ 0.99999988079071, 0, 0, 0, 0, 0.48650386929512, 0.8736783862114, 0, 0, -0.8736783862114, 0.48650380969048, 0, 7.6293943607197e-08, 4.7683714754498e-09, -4.7683712978142e-08, 1, },
		{ 0.99999988079071, 0, 0, 0, 0, 0.44766440987587, 0.89420163631439, 0, 0, -0.8942015171051, 0.44766435027122, 0, 1.144409154108e-07, 4.7683714754498e-09, -4.7683712978142e-08, 1, },
		{ 0.99999988079071, 0, 0, 0, 0, 0.40892422199249, 0.91256833076477, 0, 0, -0.91256827116013, 0.40892422199249, 0, 1.144409154108e-07, 4.7683714754498e-09, -4.7683712978142e-08, 1, },
		{ 0.99999988079071, 0, 0, 0, 0, 0.37055373191833, 0.92881095409393, 0, 0, -0.92881089448929, 0.37055370211601, 0, 1.144409154108e-07, 4.7683714754498e-09, -4.7683712978142e-08, 1, },
		{ 0.99999988079071, 0, 0, 0, 0, 0.3328195810318, 0.94299054145813, 0, 0, -0.94299048185349, 0.33281955122948, 0, 1.144409154108e-07, 4.7683714754498e-09, -5.7220457705398e-08, 1, },
		{ 0.99999988079071, 0, 0, 0, 0, 0.29598554968834, 0.95519244670868, 0, 0, -0.95519238710403, 0.29598551988602, 0, 1.144409154108e-07, 4.7683714754498e-09, -5.7220457705398e-08, 1, },
		{ 0.99999988079071, 0, 0, 0, 0, 0.26030778884888, 0.96552568674088, 0, 0, -0.96552556753159, 0.26030775904655, 0, 1.144409154108e-07, 4.7683714754498e-09, -5.7220457705398e-08, 1, },
		{ 0.99999988079071, 0, 0, 0, 0, 0.22603376209736, 0.97411942481995, 0, 0, -0.9741193652153, 0.22603373229504, 0, 1.144409154108e-07, 9.5367429508997e-09, -5.7220457705398e-08, 1, },
		{ 0.99999988079071, 0, 0, 0, 0, 0.1934015005827, 0.98111963272095, 0, 0, -0.9811195731163, 0.19340148568153, 0, 1.144409154108e-07, 9.5367429508997e-09, -5.7220457705398e-08, 1, },
		{ 0.99999988079071, 0, 0, 0, 0, 0.16263717412949, 0.98668587207794, 0, 0, -0.9866858124733, 0.16263715922832, 0, 1.144409154108e-07, 9.5367429508997e-09, -5.7220457705398e-08, 1, },
		{ 0.99999988079071, 0, 0, 0, 0, 0.13395577669144, 0.9909873008728, 0, 0, -0.99098718166351, 0.13395576179028, 0, 1.144409154108e-07, 9.5367429508997e-09, -6.6757202432655e-08, 1, },
		{ 0.99999988079071, 0, 0, 0, 0, 0.10756085067987, 0.99419850111008, 0, 0, -0.99419838190079, 0.10756082832813, 0, 1.144409154108e-07, 9.5367429508997e-09, -6.6757202432655e-08, 1, },
		{ 0.99999988079071, 0, 0, 0, 0, 0.083644323050976, 0.99649560451508, 0, 0, -0.99649548530579, 0.083644315600395, 0, 1.144409154108e-07, 9.5367429508997e-09, -6.6757202432655e-08, 1, },
		{ 0.99999988079071, 0, 0, 0, 0, 0.062389142811298, 0.99805182218552, 0, 0, -0.99805176258087, 0.062389135360718, 0, 1.5258788721439e-07, 9.5367429508997e-09, -6.6757202432655e-08, 1, },
		{ 0.99999988079071, 0, 0, 0, 0, 0.043968059122562, 0.99903291463852, 0, 0, -0.99903279542923, 0.043968051671982, 0, 1.5258788721439e-07, 9.5367429508997e-09, -6.6757202432655e-08, 1, },
		{ 0.99999988079071, 0, 0, 0, 0, 0.028547070920467, 0.99959242343903, 0, 0, -0.99959224462509, 0.028547069057822, 0, 1.5258788721439e-07, 9.5367429508997e-09, -6.6757202432655e-08, 1, },
		{ 0.99999988079071, 0, 0, 0, 0, 0.016284776851535, 0.99986737966537, 0, 0, -0.99986726045609, 0.01628477498889, 0, 1.5258788721439e-07, 9.5367429508997e-09, -7.6293943607197e-08, 1, },
		{ 0.99999988079071, 0, 0, 0, 0, 0.0073386733420193, 0.99997305870056, 0, 0, -0.99997287988663, 0.0073386733420193, 0, 1.5258788721439e-07, 9.5367429508997e-09, -7.6293943607197e-08, 1, },
		{ 0.99999988079071, 0, 0, 0, 0, 0.0018596843583509, 0.99999821186066, 0, 0, -0.99999809265137, 0.001859684009105, 0, 1.5258788721439e-07, 9.5367429508997e-09, -7.6293943607197e-08, 1, },
		{ 0.99999988079071, 0, 0, 0, 0, 6.1232342629258e-17, 1, 0, 0, -0.99999988079071, 6.1232329394369e-17, 0, 1.5258788721439e-07, 9.5367429508997e-09, -7.6293943607197e-08, 1, },
	},
}
end
