function data()
return {
	times = { 0, 41.667, 83.333, 125, 166.667, 208.333, 250, 291.667, 333.333, 375, 416.667, 458.333, 500, 541.667, 583.333, 625, 666.667, 708.333, 750, 791.667, 833.333, 875, 916.667, 958.333, 1000, 1041.667, 1083.333, 1125, 1166.667, 1208.333, 1250, 1291.667, 1333.333, 1375, 1416.667, 1458.333, 1500, 1541.667, 1583.333, 1625, 1666.667, 1708.333, 1750, 1791.667, 1833.333, 1875, 1916.667, 1958.333, 2000, 2041.667, 2083.333, },
	transfs = {
		{ 1, 0, 0, 0, 0, 1, 0, 0, 0, 0, 1, 0, 0, 0, 0, 1, },
		{ 0.99999475479126, 0.0032443520613015, 0, 0, -0.0032443520613015, 0.99999475479126, 0, 0, 0, 0, 1, 0, 0, 0, 0, 1, },
		{ 0.99991804361343, 0.012801709584892, 0, 0, -0.012801709584892, 0.99991804361343, 0, 0, 0, 0, 1, 0, 0, 0, 0, 1, },
		{ 0.99959641695023, 0.028406228870153, 0, 0, -0.028406228870153, 0.99959641695023, 0, 0, 0, 0, 1, 0, 0, 0, 0, 1, },
		{ 0.99875992536545, 0.049784693866968, 0, 0, -0.049784693866968, 0.99875992536545, 0, 0, 0, 0, 1, 0, 0, 0, 0, 1, },
		{ 0.99705809354782, 0.07664942741394, 0, 0, -0.07664942741394, 0.99705809354782, 0, 0, 0, 0, 1, 0, 0, 0, 0, 1, },
		{ 0.99407565593719, 0.10869004577398, 0, 0, -0.10869004577398, 0.99407565593719, 0, 0, 0, 0, 1, 0, 0, 0, 0, 1, },
		{ 0.98934870958328, 0.14556477963924, 0, 0, -0.14556477963924, 0.98934870958328, 0, 0, 0, 0, 1, 0, 0, 0, 0, 1, },
		{ 0.98238044977188, 0.18689192831516, 0, 0, -0.18689192831516, 0.98238044977188, 0, 0, 0, 0, 1, 0, 0, 0, 0, 1, },
		{ 0.97265785932541, 0.23224274814129, 0, 0, -0.23224274814129, 0.97265785932541, 0, 0, 0, 0, 1, 0, 0, 0, 0, 1, },
		{ 0.95966804027557, 0.281135648489, 0, 0, -0.281135648489, 0.95966804027557, 0, 0, 0, 0, 1, 0, 0, 0, 0, 1, },
		{ 0.94291538000107, 0.33303225040436, 0, 0, -0.33303225040436, 0.94291538000107, 0, 0, 0, 0, 1, 0, 0, 0, 0, 1, },
		{ 0.92193847894669, 0.38733637332916, 0, 0, -0.38733637332916, 0.92193847894669, 0, 0, 0, 0, 1, 0, 0, 0, 0, 1, },
		{ 0.89632606506348, 0.44339555501938, 0, 0, -0.44339555501938, 0.89632606506348, 0, 0, 0, 0, 1, 0, 0, 0, 0, 1, },
		{ 0.86573314666748, 0.50050580501556, 0, 0, -0.50050580501556, 0.86573314666748, 0, 0, 0, 0, 1, 0, 0, 0, 0, 1, },
		{ 0.82989549636841, 0.55791884660721, 0, 0, -0.55791884660721, 0.82989549636841, 0, 0, 0, 0, 1, 0, 0, 0, 0, 1, },
		{ 0.78864163160324, 0.61485308408737, 0, 0, -0.61485308408737, 0.78864163160324, 0, 0, 0, 0, 1, 0, 0, 0, 0, 1, },
		{ 0.7419039607048, 0.67050611972809, 0, 0, -0.67050611972809, 0.7419039607048, 0, 0, 0, 0, 1, 0, 0, 0, 0, 1, },
		{ 0.68972545862198, 0.7240709066391, 0, 0, -0.7240709066391, 0.68972545862198, 0, 0, 0, 0, 1, 0, 0, 0, 0, 1, },
		{ 0.63226479291916, 0.77475237846375, 0, 0, -0.77475237846375, 0.63226479291916, 0, 0, 0, 0, 1, 0, 0, 0, 0, 1, },
		{ 0.56979602575302, 0.82178610563278, 0, 0, -0.82178610563278, 0.56979602575302, 0, 0, 0, 0, 1, 0, 0, 0, 0, 1, },
		{ 0.50270676612854, 0.86445695161819, 0, 0, -0.86445695161819, 0.50270676612854, 0, 0, 0, 0, 1, 0, 0, 0, 0, 1, },
		{ 0.43149045109749, 0.90211749076843, 0, 0, -0.90211749076843, 0.43149045109749, 0, 0, 0, 0, 1, 0, 0, 0, 0, 1, },
		{ 0.35673642158508, 0.93420499563217, 0, 0, -0.93420499563217, 0.35673642158508, 0, 0, 0, 0, 1, 0, 0, 0, 0, 1, },
		{ 0.27911674976349, 0.96025717258453, 0, 0, -0.96025717258453, 0.27911674976349, 0, 0, 0, 0, 1, 0, 0, 0, 0, 1, },
		{ 0.19936805963516, 0.97992467880249, 0, 0, -0.97992467880249, 0.19936805963516, 0, 0, 0, 0, 1, 0, 0, 0, 0, 1, },
		{ 0.11827404052019, 0.99298095703125, 0, 0, -0.99298095703125, 0.11827404052019, 0, 0, 0, 0, 1, 0, 0, 0, 0, 1, },
		{ 0.036645412445068, 0.99932831525803, 0, 0, -0.99932831525803, 0.036645412445068, 0, 0, 0, 0, 1, 0, 0, 0, 0, 1, },
		{ -0.044703301042318, 0.99900031089783, 0, 0, -0.99900031089783, -0.044703301042318, 0, 0, 0, 0, 1, 0, 0, 0, 0, 1, },
		{ -0.12497317790985, 0.9921600818634, 0, 0, -0.9921600818634, -0.12497317790985, 0, 0, 0, 0, 1, 0, 0, 0, 0, 1, },
		{ -0.20340226590633, 0.9790952205658, 0, 0, -0.9790952205658, -0.20340226590633, 0, 0, 0, 0, 1, 0, 0, 0, 0, 1, },
		{ -0.27928259968758, 0.96020895242691, 0, 0, -0.96020895242691, -0.27928259968758, 0, 0, 0, 0, 1, 0, 0, 0, 0, 1, },
		{ -0.3519783616066, 0.93600815534592, 0, 0, -0.93600815534592, -0.3519783616066, 0, 0, 0, 0, 1, 0, 0, 0, 0, 1, },
		{ -0.42093861103058, 0.90708911418915, 0, 0, -0.90708911418915, -0.42093861103058, 0, 0, 0, 0, 1, 0, 0, 0, 0, 1, },
		{ -0.48570600152016, 0.87412214279175, 0, 0, -0.87412214279175, -0.48570600152016, 0, 0, 0, 0, 1, 0, 0, 0, 0, 1, },
		{ -0.54592627286911, 0.83783316612244, 0, 0, -0.83783316612244, -0.54592627286911, 0, 0, 0, 0, 1, 0, 0, 0, 0, 1, },
		{ -0.60134828090668, 0.79898703098297, 0, 0, -0.79898703098297, -0.60134828090668, 0, 0, 0, 0, 1, 0, 0, 0, 0, 1, },
		{ -0.6518235206604, 0.75837063789368, 0, 0, -0.75837063789368, -0.6518235206604, 0, 0, 0, 0, 1, 0, 0, 0, 0, 1, },
		{ -0.69730418920517, 0.71677529811859, 0, 0, -0.71677529811859, -0.69730418920517, 0, 0, 0, 0, 1, 0, 0, 0, 0, 1, },
		{ -0.73783195018768, 0.674984395504, 0, 0, -0.674984395504, -0.73783195018768, 0, 0, 0, 0, 1, 0, 0, 0, 0, 1, },
		{ -0.77353054285049, 0.63375902175903, 0, 0, -0.63375902175903, -0.77353054285049, 0, 0, 0, 0, 1, 0, 0, 0, 0, 1, },
		{ -0.80459135770798, 0.59382879734039, 0, 0, -0.59382879734039, -0.80459135770798, 0, 0, 0, 0, 1, 0, 0, 0, 0, 1, },
		{ -0.8312611579895, 0.5558819770813, 0, 0, -0.5558819770813, -0.8312611579895, 0, 0, 0, 0, 1, 0, 0, 0, 0, 1, },
		{ -0.85382348299026, 0.52056258916855, 0, 0, -0.52056258916855, -0.85382348299026, 0, 0, 0, 0, 1, 0, 0, 0, 0, 1, },
		{ -0.87258285284042, 0.4884660243988, 0, 0, -0.4884660243988, -0.87258285284042, 0, 0, 0, 0, 1, 0, 0, 0, 0, 1, },
		{ -0.88784730434418, 0.46013817191124, 0, 0, -0.46013817191124, -0.88784730434418, 0, 0, 0, 0, 1, 0, 0, 0, 0, 1, },
		{ -0.89991092681885, 0.43607372045517, 0, 0, -0.43607372045517, -0.89991092681885, 0, 0, 0, 0, 1, 0, 0, 0, 0, 1, },
		{ -0.90903407335281, 0.41672176122665, 0, 0, -0.41672176122665, -0.90903407335281, 0, 0, 0, 0, 1, 0, 0, 0, 0, 1, },
		{ -0.91542720794678, 0.40248340368271, 0, 0, -0.40248340368271, -0.91542720794678, 0, 0, 0, 0, 1, 0, 0, 0, 0, 1, },
		{ -0.91923224925995, 0.39371567964554, 0, 0, -0.39371567964554, -0.91923224925995, 0, 0, 0, 0, 1, 0, 0, 0, 0, 1, },
		{ -0.92050486803055, 0.39073112607002, 0, 0, -0.39073112607002, -0.92050486803055, 0, 0, 0, 0, 1, 0, 0, 0, 0, 1, },
	},
}
end
